~~~~~~~~~~~ mushrooms_taia__no_bias__n_epoches-1__dtype-float64__tune_runs-40__momentum-0.0 ~~~~~~~~~~~
test_accuracy: 0.9064039408866995+-0.0
test_loss: 0.5447685954321159+-0.0
