~~~~~~~~~~~ mushrooms_adam-sania__no_bias__scale__n_epoches-1__dtype-float64__tune_runs-40__eps-1e-40 ~~~~~~~~~~~
test_accuracy: 0.8349753694581281+-0.0
test_loss: 0.553389491748461+-0.0
