~~~~~~~~~~~ mushrooms_adamw__no_bias__n_epoches-1__dtype-float64__tune_runs-40 ~~~~~~~~~~~
test_accuracy: 0.9027093596059114+-0.0
test_loss: 0.4424403729750885+-0.0
