~~~~~~~~~~~ mushrooms_soap__no_bias__n_epoches-1__dtype-float64__tune_runs-40 ~~~~~~~~~~~
test_accuracy: 0.9704433497536946+-0.0
test_loss: 0.37174539022259995+-0.0
