~~~~~~~~~~~ mushrooms_adamw__no_bias__n_epoches-1__tune_runs-10 ~~~~~~~~~~~
test_accuracy: 0.8891625615763546+-0.0
test_loss: 0.4592284670852402+-0.0
