~~~~~~~~~~~ mushrooms_taia__no_bias__n_epoches-1__dtype-float64__tune_runs-40__momentum-0.95 ~~~~~~~~~~~
test_accuracy: 0.9470443349753694+-0.0
test_loss: 0.4874547352901896+-0.0
