~~~~~~~~~~~ mushrooms_sgd__no_bias__scale__n_epoches-1__dtype-float64__tune_runs-40__momentum-0.95 ~~~~~~~~~~~
test_accuracy: 0.5320197044334976+-0.0
test_loss: 0.8471793281447413+-0.0
