~~~~~~~~~~~ mushrooms_muon__no_bias__scale__n_epoches-1__dtype-float64__tune_runs-40__momentum-0.95 ~~~~~~~~~~~
test_accuracy: 0.5024630541871922+-0.0
test_loss: 0.8802048963265595+-0.0
