~~~~~~~~~~~ mushrooms_muon__no_bias__n_epoches-1__dtype-float64__tune_runs-40__momentum-0.95 ~~~~~~~~~~~
test_accuracy: 0.9864532019704434+-0.0
test_loss: 0.35453962213532114+-0.0
