~~~~~~~~~~~ mushrooms_adamw__no_bias__scale__n_epoches-1__tune_runs-10 ~~~~~~~~~~~
test_accuracy: 0.7463054187192119+-0.0
test_loss: 0.6129226993568625+-0.0
