~~~~~~~~~~~ mushrooms_adamw__no_bias__scale__n_epoches-1__dtype-float64__tune_runs-40 ~~~~~~~~~~~
test_accuracy: 0.7266009852216748+-0.0
test_loss: 0.635531600872014+-0.0
