~~~~~~~~~~~ mushrooms_adam-sania__no_bias__n_epoches-1__dtype-float64__tune_runs-40 ~~~~~~~~~~~
test_accuracy: 0.9692118226600985+-0.0
test_loss: 0.3715827062816057+-0.0
