~~~~~~~~~~~ mushrooms_adamw__no_bias__n_epoches-1__dtype-float64__tune_runs-10 ~~~~~~~~~~~
test_accuracy: 0.9347290640394089+-0.0
test_loss: 0.4119476054861706+-0.0
