~~~~~~~~~~~ mushrooms_sgd__no_bias__n_epoches-1__dtype-float64__tune_runs-40__momentum-0.95 ~~~~~~~~~~~
test_accuracy: 0.9778325123152709+-0.0
test_loss: 0.37345544425203503+-0.0
